 ACETONE  LOWEST EXCITED STATE (demonstration new features)
 -2  -1   1   6   4   1   0. 2.93 0.   100.
 3   .0625926982487  1    25.8860386635  1    0.   0
 0   60   5000.   50000.   .02
 10177.2050877   8502.84897957   4910.25075253
 4.91498966845  -3.32910075006  9.77527731461  2.07864365098  -.514471740482 
 .101606084299 -.961475407195   .693614613989  .907644737211  .0531916246137    
-.217951061456  -.445203788184
   1 1 1  1 1 1 1 1   1 1 1 1 1 1 1 
  1 -1  1  0  0  0    .965533309421D+02    1   1.D0
  1  0  1  0  0  0    .554790375542D+04    1   1.D+3
  1  1  1  0  0  0    .619558513435D+02    1   1.D0
  2  0  1  0  0  0    .152242830456D+02    1   1.D0
  1 -1  1  0  0  2   -.529927127074D-01    1   1.D0
  1 -1  1  0  2  0    .209748784777D-01    1   1.D0
  1 -1  1  2  0  0    .639139722261D-02    1   1.D0
  1  0 -1  0  0  1    .0                   0   1.D0
  1  0 -1  1  0  0   -.290223383275D+00    1   1.D0
  1  0  1  0  0  2   -.239922962913D+00    1   1.D0
  1  0  1  0  0  4   -.380529328339D-03    1   1.D0
  1  0  1  0  2  0    .208405741965D+00    1   1.D0
  1  0  1  0  2  2    .429396628657D-03    1   1.D0
  1  0  1  0  4  0   -.164437708606D-03    1   1.D0
  1  0  1  1  0  1   -.526214542270D-01    1   1.D0
  1  0  1  2  0  0    .686955728971D-01    1   1.D0
  1  0  1  2  0  2   -.508906456607D-04    1   1.D-3
  1  0  1  2  2  0   -.822133570727D-04    1   1.D-3
  1  1  1  0  0  2    .271963661617D+00    1   1.D0
  1  1  1  0  2  0   -.760202605374D-01    1   1.D0
  1  1  1  2  0  0   -.394566096710D-01    1   1.D0
  2  0  1  0  0  2   -.368408820252D-01    1   1.D0
  2  0  1  0  2  0    .369541232710D-01    1   1.D0
  2  0  1  2  0  0   -.751779480623D-03    1   1.D0
  0  0  0  0  0  0   0.   0   1.D0
  0 0    6 10
  0 1   16 16
  1 1    2  6
  1 2    4  4
 -1 0    0  0
 0 0  2  3  2  1   11074.3    0  .10
 0 1  2  3  2  1   11350.945  0  .02  x 11350.018
 1 1  2  3  2  1       0.     0  .0
 1 2  2  3  2  1       0.     0  .0
 0 0  3  3  3  1   20075.677  0  .02   old 20075.6760
 0 1  3  3  3  1   20327.757  0  .0    old 20327.7660
 1 1  3  3  3  1   20259.546  0  .0     20253.3945
 1 2  3  3  3  1   20863.638  0  .0     20868.437
 1 2  3  3  3  1   20867.984  0  .0    old 20867.9921
 0 0  2  5  2  3       0.     0  .0
 0 1  2  5  2  3    8634.109  0  .02  x
 1 1  2  5  2  3       0.     0  .0
 1 2  2  5  2  3       0.     0  .0
 0 0  3  5  3  3   10519.842  0  .02  x
 0 1  3  5  3  3   11197.986  0  .02  x
 1 1  3  5  3  3   11338.153  0  .0  x
 1 2  3  5  3  3   12117.655  0  .0  x
 0 0  4  5  4  3   18416.495  0  .02   old 18416.5062
 0 1  4  5  4  3   18680.503  0  .02   old 18680.5147
 1 1  4  5  4  3   18452.114  0  .02
 1 2  4  5  4  3   19438.667  0  .0    old 19438.6778
 0 0  3  7  3  5   10569.495  0  .02  xx  10568.822  xx
 0 1  3  7  3  5   13410.202  0  .02  x
 1 1  3  7  3  5   11705.029  0  .0
 1 2  3  7  3  5       0.     0  .0
 0 0  4  7  4  5   11174.536  0  .02  x
 0 1  4  7  4  5   12683.072  0  .02  x
 1 1  4  7  4  5   12692.409  0  .02  x  12702.0
 1 2  4  7  4  5   14416.1    0  .0    14429.505  x
 0 0  5  7  5  5   16725.986  0  .02  x
 0 1  5  7  5  5   17274.701  0  .02  x
 1 1  5  7  5  5   17268.779  0  .02  x
 1 2  5  7  5  5       0.     0  .0    18267.532 where does this number come from?
 0 0  6  7  6  5       0.     0  .0
 0 1  6  7  6  5       0.     0  .0
 1 1  6  7  6  5       0.     0  .0
 1 2  6  7  6  5       0.     0  .0
 0 0  5  9  5  7   13544.624  0  .02  x
 0 1  5  9  5  7   16334.871  0  .02  x
 1 1  5  9  5  7   15356.723  0  .02  x
 1 2  5  9  5  7       0.     0  .0
 0 0  6  9  6  7   15959.823  0  .02  x
 0 1  6  9  6  7   17210.688  0  .02  xx
 1 1  6  9  6  7       0.     0  .0
 1 2  6  9  6  7       0.     0  .0
 0 0  7  9  7  7   23818.292  0  .02
 0 1  7  9  7  7   24132.321  0  .02
 1 1  7  9  7  7   23846.644  0  .0
 1 2  7  9  7  7       0.     0  .0
 0 0  3  6  3  4       0      0  .0
 0 1  3  6  3  4   16182.672  0  .02  x
 1 1  3  6  3  4       0.     0  .0
 1 2  3  6  3  4       0.     0  .0
 0 0  2  4  2  2   15318.8    0  .10
 0 1  2  4  2  2   14632.813  0  .02  x  14629.921  x
 1 1  2  4  2  2       0.     0  .0
 1 2  2  4  2  2       0.     0  .0
 0 0  1  2  0  1   14926.780  0  .10
 0 1  1  2  0  1   14714.567  0  .02  x
 1 1  1  2  0  1       0.     0  .0
 1 2  1  2  0  1       0.     0  .0
 0 0  5 11  5  9   21865.461  0  .02
 0 1  5 11  5  9   25781.393  0  .02
 1 1  5 11  5  9       0.     0  .0
 0 0  6 11  6  9   17862.463  0  .02  x
 0 1  6 11  6  9   21985.442  0  .02   ? 21984.705
 1 1  6 11  6  9   19716.637  0  .0     a zoo
 1 2  6 11  6  9   25329.268  0  .0
 0 0  7 11  7  9   16911.163  0  .02  x
 0 1  7 11  7  9   19310.763  0  .0
 1 1  7 11  7  9   19179.122  0  .0
 1 2  7 11  7  9   21993.053  0  .0
 0 0  8 11  8  9   21738.805  0  .02
 0 1  8 11  8  9   22584.704  0  .02
 1 1  8 11  8  9   22780.751  0  .02
 1 2  8 11  8  9       0.     0  .0

 0 0  5 10  5  8   25551.005  0  .02
 0 1  5 10  5  8   23574.478  0  .02
 1 1  5 10  5  8       0.     0  .0
 1 2  5 10  5  8   22858.366  0  .0
 0 0  6 10  6  8       0.     0  .0
 0 1  6 10  6  8   24955.445  0  .02
 1 1  6 10  6  8       0.     0  .0
 1 2  6 10  6  8   23024.281  0  .02
 0 0  7 13  7 11   23850.599  0  .02
 0 1  7 13  7 11       0.     0  .0
 1 1  7 13  7 11   25919.159  0  .02   25920.099
 1 2  7 13  7 11       0.     0  .0
 0 0  8 13  8 11   20027.854  0  .02
 0 1  8 13  8 11   23908.576  0  .02
 1 1  8 13  8 11   22482.634  0  .0   22479.472
 1 2  8 13  8 11       0.     0  .0
 0 0  9 13  9 11   21109.474  0  .02
 0 1  9 13  9 11   22943.291  0  .0
 1 1  9 13  9 11   23347.078  0  .0
 1 2  9 13  9 11       0.     0  .0
 0 1 10 15 10 13   25906.739  0  .0

 0 0 11 17 11 15   26794.59   0  .1
 0 1 11 15 11 13   27577.59   0  .0 1
 0 1  7 12  7 10   28182.88   0  .0
 0 1  5  5  5  3   28518.48   0  .1 *
 0 1  7 13  7 11   28686.48   0  .1
 0 0 13 19 13 17   28755.70   0  .1
 0 1 10 13 10 11   28947.70   0  .1
 0 1  5  6  5  4   30145.60   0  .1 *
 0 1  6  8  6  6   30300.47   0  .1 *
 0 1  9 15  9 13   30468.45   0  .0 1
 0 1  7 10  7  8   30676.17   0  .1 *
 0 0  8 15  8 13   30714.45   0  .0
 0 1  8 12  8 10   31477.15   0  .1 *
 0 0 15 21 15 19   31593.09   0  .1
 0 0  9 11  9  9   31637.59   0  .1 *
 0 1 14 19 14 17   32447.70   0  .0 1
 0 1 13 19 13 17   32620.93   0  .0 1
 0 1  8 14  8 12   33200.59   0  .1
 0 1 13 17 13 15   33360.17   0  .0 1
 0 1  9 14  9 12   33446.40   0  .1
 0 1  3  1  2  2   33582.04   0  .1 *
 0 1  3  2  2  1   34050.80   0  .1 *
 0 1 15 21 15 19   34392.58   0  .0 1
 0 1  8  9  8  7   34630.11   0  .1
 0 1 12 15 12 13   36253.67   0  .0
 0 0  7  7  7  5   36439.26   0  .1 *
 0 1  7  7  7  5   36774.43   0  .1 *
 0 1 17 23 17 21   37352.69   0  .0 1
 0 1 16 21 16 19   37555.68   0  .0 1
 0 0  9 17  9 15   37668.62   0  .1
 0 0  8 10  8  8   37789.64   0  .1 *
 0 1  7 15  7 13   37849.45   0  .0 1
 0 1  8 10  8  8   37999.51   0  .1 *
 0 1  6  5  6  3   38011.48   0  .1 *
 0 1  9 12  9 10   38069.84   0  .1 *
 0 1  7  8  7  6   38155.50   0  .1 *
 0 0  9 12  9 10   38294.30   0  .1 *
 0 1  6  6  6  4   38437.89   0  .1 *
 0 1 10 14 10 12   38440.09   0  .1
 0 1  5  3  5  1   38631.95   0  .1 *
 0 1  5  4  5  2   38723.70   0  .1 *
 0 1 11 16 11 14   39480.96   0  .0 39473.63
 0 0 10 14 10 12   39516.85   0  .1
 0 1 11 13 11 11   39847.27   0  .1
 0 0 10 16 10 14   39867.02   0  .1
 0 0 11 13 11 11   39918.91   0  .0
 1 1 15 19 15 18   39989.94   0  .0

 0 0 27  1 26  2  269368.46  0  .1
 0 1 27  1 26  2  269416.69  0  .1   269368.46
 1 1 27  1 26  2  269460.03  0  .1 0
 1 2 27  1 26  2  269462.18  0  .1 0
 0 0 28  1 27  2  279181.53  0  .1
 0 1 28  1 27  2  279229.20  0  .1
 1 1 28  1 27  2  279272.11  0  .1 0
 1 2 28  1 27  2  279274.24  0  .1 0
 0 0 30  1 29  2  298806.51  0  .1
 0 1 30  1 29  2  298853.24  0  .1
 1 1 30  1 29  2  298894.80  0  .1 0
 1 2 30  1 29  2  298896.88  0  .1 0
 0 0 31  1 30  2  308618.30  0  .1
 0 1 31  1 30  2  308664.33  0  .1
 1 1 31  1 30  2  308705.63  0  .1 0
 1 2 31  1 30  2  308707.47  0  .1 0
 0 0 34  1 33  2  338049.09  0  .1
 0 1 34  1 33  2  338093.48  0  .1
 1 1 34  1 33  2  338133.06  0  .1 0
 1 2 34  1 33  2  338134.92  0  .1 0
 0 0 26  3 25  4  268076.74  0  .1
 0 1 26  3 25  4  268244.85  0  .1
 1 1 26  3 25  4  268398.25  0  .1
 1 2 26  3 25  4  268404.89  0  .1
 0 0 27  3 26  4  277889.21  0  .1
 0 1 27  3 26  4  278055.99  0  .1
 1 1 27  3 26  4  278208.56  0  .1
 1 2 27  3 26  4  278215.11  0  .1
 0 0 28  3 27  4  287701.08  0  .1
 0 1 28  3 27  4  287866.88  0  .1
 1 1 28  3 27  4  288018.46  0  .1
 1 2 28  3 27  4  288025.02  0  .1
 0 0 29  3 28  4  297512.42  0  .1
 0 1 29  3 28  4  297677.32  0  .1
 1 1 29  3 28  4  297828.18  0  .1
 1 2 29  3 28  4  297834.55  0  .1
 0 0 30  3 29  4  307322.90  0  .1
 0 1 30  3 29  4  307486.76  0  .1
 1 1 30  3 29  4  307636.98  0  .1
 1 2 30  3 29  4  307643.24  0  .1
 0 0 33  3 32  4  336750.18  0  .1
 0 1 33  3 32  4  336911.03  0  .1
 1 1 33  3 32  4  337059.02  0  .1
 1 2 33  3 32  4  337065.10  0  .1
 0 0 25  5 24  6  266819.46  0  .1     266843.60
 0 1 25  5 24  6  267083.58  0  .1
 1 1 25  5 24  6  267327.89  0  .1
 1 2 25  5 24  6  267336.88  0  .1
 0 0 26  5 25  6  276632.35  0  .1
 0 1 26  5 25  6  276893.99  0  .1
 1 1 26  5 25  6  277136.44  0  .1
 1 2 26  5 25  6  277145.06  0  .1
 0 0 27  5 26  6  286444.67  0  .1
 0 1 27  5 26  6  286703.56  0  .1
 1 1 27  5 26  6  286943.90  0  .1
 1 2 27  5 26  6  286952.22  0  .1
 0 0 28  5 27  6  296256.34  0  .1
 0 1 28  5 27  6  296512.84  0  .1
 1 1 28  5 27  6  296751.21  0  .1
 1 2 28  5 27  6  296759.26  0  .1
 0 0 29  5 28  6  306067.12  0  .1
 0 1 29  5 28  6  306321.14  0  .1
 1 1 29  5 28  6  306557.43  0  .1
 1 2 29  5 28  6  306565.32  0  .1
 0 0 32  5 31  6  335494.62  0  .1
 0 1 32  5 31  6  335741.72  0  .1
 1 1 32  5 31  6  335973.07  0  .1
 1 2 32  5 31  6  335980.23  0  .0  .1
 0 0 24  7 23  8  265589.49  0  .1
 0 1 24  7 23  8  265933.92  0  .1
 1 1 24  7 23  8  266256.27  0  .1
 1 2 24  7 23  8  266265.76  0  .1
 0 0 25  7 24  8  275403.60  0  .1
 0 1 25  7 24  8  275743.01  0  .1
 1 1 25  7 24  8  276061.32  0  .1
 1 2 25  7 24  8  276070.18  0  .1
 0 0 26  7 25  8  285216.96  0  .1
 0 1 26  7 25  8  285551.71  0  .1
 1 1 26  7 25  8  285865.91  0  .1
 1 2 26  7 25  8  285874.37  0  .1
 0 0 28  7 27  8  304841.75  0  .1
 0 1 28  7 27  8  305166.98  0  .1
 1 1 28  7 27  8  305473.47  0  .1
 1 2 28  7 27  8  305480.87  0  .1
 0 0 31  7 30  8  334272.57  0  .1
 0 1 31  7 30  8  334584.44  0  .1
 1 1 31  7 30  8  334879.70  0  .1
 1 2 31  7 30  8  334886.00  0  .1
 0 0 23  9 22 10  264383.68  0  .1
 0 1 23  9 22 10  264799.35  0  .1
 1 1 23  9 22 10  265191.47  0  .1
 1 2 23  9 22 10  265200.78  0  .1
 0 0 24  9 23 10  274199.11  0  .1
 0 1 24  9 23 10  274606.53  0  .1
 1 1 24  9 23 10  274991.82  0  .1
 1 2 24  9 23 10  275000.34  0  .1
 0 0 25  9 24 10  284013.94  0  .1
 0 1 25  9 24 10  284413.34  0  .1
 1 1 25  9 24 10  284791.81  0  .1
 1 2 25  9 24 10  284799.40  0  .1
 0 0 27  9 26 10  303641.43  0  .1
 0 1 27  9 26 10  304025.40  0  .1
 1 1 27  9 26 10  304391.19  0  .1
 1 2 27  9 26 10  304397.36  0  .1
 0 0 28  9 27 10  313454.09  0  .1
 0 0 30  9 29 10  333077.15  0  .1
 0 1 30  9 29 10  333438.65  0  .1
 1 1 30  9 29 10  333786.41  0  .1
 1 2 30  9 29 10  333790.30  0  .1
 0 0 31  9 30 10  342886.65  0  .1
 0 1 31  9 30 10  343241.87  0  .1
 1 1 31  9 30 10  343583.02  0  .1
 1 2 31  9 30 10  343586.59  0  .1
 0 0 22 11 21 12  263205.35  3  .1
 0 0 22 12 21 11  263205.35 -5  .1
 0 1 22 11 21 12  263688.54  0  .1
 1 1 22 11 21 12  264147.13  0  .1
 1 2 22 11 21 12  264156.13  0  .1
 0 0 23 11 22 12  273020.39  0  .1
 0 1 23 11 22 12  273491.14  0  .1
 1 1 23 11 22 12  273939.22  0  .1
 1 2 23 11 22 12  273947.05  0  .1
 0 0 24 11 23 12  282835.25  0  .1
 0 1 24 11 23 12  283293.92  0  .1
 1 1 24 11 23 12  283732.04  0  .1
 1 2 24 11 23 12  283738.54  0  .1
 0 0 26 11 25 12  302464.53  0  .1
 0 1 26 11 25 12  302900.38  0  .1
 1 1 26 11 25 12  303318.36  0  .1
 1 2 26 11 25 12  303323.15  0  .1
 0 0 27 11 26 12  312278.35  0  .1
 0 1 27 11 26 12  312702.87  0  .1
 1 1 27 11 26 12  313111.90  0  .1
 1 2 27 11 26 12  313115.65  0  .1
 0 0 29 11 28 12  331903.82  0  .1
 0 1 29 11 28 12  332307.24  0  .1
 1 1 29 11 28 12  332697.76  0  .1
 1 2 29 11 28 12  332699.87  0  .1
 0 0 30 11 29 12  341715.05  0  .1
 0 1 30 11 29 12  342108.64  0  .1
 1 1 30 11 29 12  342490.18  0  .0
 1 2 30 11 29 12  342491.45  0  .0
 0 0 21 13 20 14  262069.67  5  .1
 0 0 21 14 20 13  262069.67 -3  .1
 0 1 21 13 20 14  262623.21  1  .1
 0 1 21 14 20 13  262623.21 -1  .1
 1 1 21 13 20 14  263150.58  3  .1
 1 1 21 14 20 13  263150.58 -1  .1
 1 2 21 13 20 14  263158.70  1  .1
 1 2 21 14 20 13  263158.70 -1  .1
 0 0 22 13 21 14  271878.38  0  .1
 0 1 22 13 21 14  272413.87  0  .1
 1 1 22 13 21 14  272925.66  0  .1
 1 2 22 13 21 14  272932.64  0  .1
 0 0 23 13 22 14  281689.32  0  .1
 0 1 23 13 22 14  282207.46  0  .1
 1 1 23 13 22 14  282704.43  0  .1
 1 2 23 13 22 14  282710.03  0  .1
 0 0 25 13 24 14  301314.93  0  .1
 0 1 25 13 24 14  301800.22  0  .1
 1 1 25 13 24 14  302268.94  0  .1
 1 2 25 13 24 14  302272.21  0  .1
 0 0 26 13 25 14  311127.93  0  .1
 0 1 26 13 25 14  311598.12  0  .1
 1 1 26 13 25 14  312053.75  0  .1
 1 2 26 13 25 14  312055.70  0  .1
 0 0 28 13 27 14  330753.72  0  .1
 0 1 28 13 27 14  331194.54  0  .1
 1 1 28 13 27 14  331624.29  4  .1
 1 2 28 13 27 14  331624.29 -4  .1
 0 0 29 13 28 14  340565.76  0  .1
 0 1 29 13 28 14  340992.71  0  .1
 1 1 29 13 28 14  341410.02  0  .1
 1 2 29 13 28 14  341408.89  0  .0 1
 0 0 20 15 19 16  261022.    0  .0
 0 1 20 15 19 16  261658.58  1  .0
 0 1 20 16 19 15  261658.58 -1  .0
 1 1 20 15 19 16       0.    0  .0
 1 1 20 16 19 15  262265.56  0  .0
 1 2 20 15 19 16       0.    0  .0
 0 0 21 15 20 16  270806.72  5  .1
 0 0 21 16 20 15  270806.72 -3  .1
 0 1 21 15 20 16  271415.55  1  .1
 0 1 21 16 20 15  271415.55 -1  .1
 1 1 21 15 20 16  272001.61  0  .0
 1 2 21 15 20 16  272004.14  0  .1
 0 0 22 15 21 16  280600.71  3  .1
 0 0 22 16 21 15  280600.71 -5  .1
 0 1 22 15 21 16  281184.86  0  .1
 1 1 22 15 21 16  281746.18  1  .1
 1 1 22 16 21 15  281746.18 -3  .1
 1 2 22 15 21 16  281750.59  1  .1
 1 2 22 16 21 15  281750.59 -1  .1
 0 0 24 15 23 16  300206.00  0  .1
 0 1 24 15 23 16  300744.53  0  .1
 1 1 24 15 23 16  301266.61  0  .1
 1 2 24 15 23 16  301268.54  0  .1
 0 0 25 15 24 16  310013.40  0  .1
 0 1 25 15 24 16  310531.13  0  .1
 1 1 25 15 24 16  311034.76  1  .1
 1 2 25 15 24 16  311034.76 -1  .1
 0 0 27 15 26 16  329633.    0  .0
 0 1 27 15 26 16  330110.93  0  .1
 1 1 27 15 26 16  330579.79  0  .1
 1 2 27 15 26 16  330577.67  0  .0 1
 0 0 28 15 27 16  339442.83  0  .0 1   339436.72
 0 1 28 15 27 16  339902.78  0  .1
 1 1 28 15 27 16  340354.84  0  .1
 1 2 28 15 27 16  340351.59  0  .0 1
 0 0 20 17 19 18  269892.08  0  .1
 0 1 20 17 19 18  270595.63  0  .1
 1 1 20 17 19 18       0.    0  .0
 1 2 20 17 19 18       0.    0  .0
 0 0 20 18 19 17  269909.49  0  .1
 0 1 20 18 19 17  270618.35  0  .1
 1 1 20 18 19 17  271301.29  0  .0
 1 2 20 18 19 17  271295.83  0  .0
 0 0 21 17 20 18  279635.44  0  .1
 0 1 21 17 20 18  280302.23  0  .1
 1 1 21 17 20 18  280943.42  0  .1
 1 2 21 17 20 18  280946.17  0  .1
 0 0 21 18 20 17  279638.97  0  .1
 0 1 21 18 20 17  280306.91  0  .1
 1 1 21 18 20 17  280950.35  0  .1
 1 2 21 18 20 17       0.    0  .0
 0 0 23 17 22 18  299175.53  5  .0
 0 0 23 18 22 17  299175.53 -3  .0 1
 0 1 23 17 22 18  299777.00  1  .1
 0 1 23 18 22 17  299777.00 -1  .1
 1 1 23 17 22 18  300361.37  3  .0 1
 1 2 23 17 22 18  300361.37  1  .0 1
 1 1 23 18 22 17  300361.37  2  .0
 1 2 23 18 22 17  300361.37 -2  .0
 0 0 24 17 23 18  308962.73  3  .1
 0 0 24 18 23 17  308962.73 -5  .1
 0 1 24 17 23 18  309535.74  0  .1
 1 1 24 17 23 18       0.    0  .0
 1 2 24 17 23 18  310092.61  0  .0
 0 0 27 17 26 18  338359.41  0  .0  ?
 0 1 27 17 26 18  338856.12  0  .1
 1 1 27 17 26 18  339345.81  0  .0 1
 1 2 27 17 26 18  339340.77  0  .0 1
 0 0 22 19 21 20  298314.37  0  .1
 0 1 22 19 21 20  299001.90  0  .1
 1 1 22 19 21 20  299667.94  1  .0
 1 2 22 19 21 20  299667.94 -2  .0
 0 0 22 20 21 19  298326.97  0  .1
 0 1 22 20 21 19  299018.44  0  .1
 1 1 22 20 21 19  299690.51  0  .0
 1 2 22 20 21 19  299686.45  0  .0
 0 0 23 19 22 20  308045.08  0  .0 1
 0 0 23 20 22 19       0.    0  .0
 0 1 23 19 22 20  308692.06  0  .1
 1 1 23 19 22 20  309322.55  3  .0
 1 2 23 20 22 19  309322.55 -2  .0
 1 2 23 19 22 20       0.    0  .0
 0 0 23 20 22 19  308045.08  0  .0
 0 1 23 20 22 19  308695.46  0  .1
 1 1 23 20 22 19       0.    0  .0
 0 0 26 19 25 20  337346.34  3  .1
 0 0 26 20 25 19  337346.34 -5  .1
 0 1 26 19 25 20  337888.54  1  .1
 0 1 26 20 25 19  337888.54 -1  .1
 1 1 26 19 25 20  338424.03  0  .0 1
 1 2 26 19 25 20  338417.35  0  .0 1

 0 0 18 20 17 19  261954.10  0  .1
 1 2 13 26 12 24  262584.57  0  .1 s
 0 1 14 22 13 20  262764.21  0  .1 s ?
 0 1 18 20 17 19  263287.21  0  .1
 0 1 14 23 13 21  263496.00  0  .0
 0 0 14 24 13 23  267464.29  0  .0 1 s
 0 0 14 25 13 22  267596.19  0  .0 1 s
 0 0 19 19 18 20  269021.11  0  .1
 0 1 14 24 13 22  269150.16  0  .0 1 s
 0 1 14 25 13 23  269538.50  0  .1 s ?
 0 1 19 19 18 20  269789.89  0  .1
 1 1 19 19 18 20  270409.68  0  .0 1 s
 0 1 19 20 18 19  270996.94  0  .1
 0 0 14 26 13 25  273454.76  0  .0 1 s ?
 0 0 14 27 13 24  273458.85  0  .0 1 s ?
 0 1 14 26 13 24  275270.59  0  .1 s
 0 1 14 27 13 25  275374.45  0  .1 s
 0 0 19 21 18 22  275712.43  0  .0 1 s
 0 1 19 21 18 22  276215.41  0  .1 s
 0 1 15 22 14 20  276788.15  0  .1 s
 0 0 16 22 15 21  277436.81  0  .0 1 s
 0 0 20 19 19 20  278890.18  0  .1 s
 0 0 20 20 19 19  279138.11  0  .1 s
 0 0 14 28 13 27  279323.78  5  .0 1 s ?   or 279328.64
 0 0 14 29 13 26  279323.78 -3  .0 1 s ?   or 279328.64
 0 0 15 23 14 20  279350.12  0  .1
 0 1 20 19 19 20  279656.97  0  .1
 0 1 20 20 19 19  279969.52  0  .1
 1 2 20 19 19 20  280421.78  0  .1 s
 0 1 14 29 13 27  281152.79  0  .1 s
 0 1 14 28 13 26  281306.54  0  .0 1 s
 0 0 15 25 14 22  282219.28  0  .0 1 s
 0 1 18 22 17 21  282500.62  0  .1 s ?
 0 1 15 24 14 22  283332.56  0  .1 s
 0 1 15 25 14 23  283774.99  0  .1 s
 0 1 19 22 18 21  285283.28  0  .1 s
 0 0 20 21 19 22  287406.07  0  .1 s
 0 1 20 21 19 22  288114.57  0  .1 s
 0 1 21 21 20 22  298385.41  0  .1
 0 1 21 22 20 21  299246.09  0  .1
 0 1 15 31 14 29  301352.38  0  .1 s
 0 1 15 30 14 28  301762.27  0  .0 1 s or 301768.31
 0 0 16 26 15 25  302005.75  0  .0 1 s
 0 0 17 24 16 23       0.    0  .0
 0 1 16 26 15 24  303871.30  0  .1 s
 0 1 16 27 15 25  304022.65  0  .1 s
 0 1 18 24 17 23  305702.96  0  .0 1 s
 0 1 21 23 20 24  305715.68  0  .1 s
 0 0 18 24 17 23  306047.65  0  .0
 0 0 20 24 19 23  307126.12  0  .1 s
 0 1 22 21 21 22  308128.47  0  .1
 0 0 16 28 15 27  308236.32  0  .0 1 s ?
 0 0 16 29 15 26  308255.37  0  .0 1 s ?
 0 1 22 22 21 21  308349.57  0  .1
 0 1 16 29 15 27  309952.47  0  .1 s ?
 0 1 16 28 15 26  310102.80  0  .1 s ?
 0 0 21 24 20 23  310990.76  0  .0 ?
 0 1 21 24 20 23  312552.70  0  .1 s
 0 1 17 31 16 29  330167.88  0  .0
 0 1 17 30 16 28  330569.14  0  .0
 0 1 18 27 17 25  331665.84  0  .1 s
 0 1 18 26 17 24  331793.19  0  .1 s ?
 1 1 17 31 16 28  332081.46  0  .0 ?
 0 0 18 27 17 24  333951.01  0  .1 s ?
 0 0 23 25 22 26  334391.37  0  .0 1 s
 0 0 17 32 16 31  334594.19  3  .0
 0 0 17 33 16 30  334594.19 -5  .0
 0 1 23 25 22 26  334971.61  0  .1 s
 0 1 17 33 16 31  335991.05  0  .0
 0 0 24 24 23 23  336014.54  0  .1 s
 0 0 25 21 24 22  336475.30  0  .1 s ?
 0 0 25 22 24 21  336477.16  0  .1 s ?
 0 1 24 23 23 24  336585.57  0  .1
 0 1 17 32 16 30  336639.26  0  .0 ?
 0 1 24 24 23 23  336740.49  0  .1
 0 1 25 21 24 22  337081.36  0  .1
 0 1 25 22 24 21  337083.94  0  .1
 0 1 18 29 17 27  338421.52  0  .0 ?
 0 1 18 28 17 26  338498.22  0  .1 s ?
 1 1 18 28 17 27  339667.93  0  .0 1 s
 0 1 23 26 22 25  340006.42  0  .0 1 s
 0 0 17 34 16 33  340523.41  3  .0 ?
 0 0 17 35 16 32  340523.41 -5  .0 ?
 0 1 17 35 16 33  341784.39  0  .0 ?
 0 1 17 34 16 32  342669.36  0  .0 ?
 0 0 18 30 17 29  343005.88  0  .0 ?
 0 0 18 31 17 28  343055.35  0  .0 ?
 0 1 19 27 18 25  343766.98  0  .0 ?

 0 1  6 13  5 11  119690.87  0  .0
 0 1 16 13 15 14  213789.06  0  .0  .1
 0 1 16 14 15 13  213830.27  0  .1
 0 1 16 16 15 15  223266.42  0  .1
 0 1 16 15 15 16       0.    0  .0
 0 0 17 13 16 14  222891.19  0  .1
 0 0 17 14 16 13  222897.59  0  .1
 0 1 17 13 16 14  223531.74  0  .1
 0 1 17 14 16 13  223540.14  0  .1
 1 1 17 13 16 14  224131.89  0  .1
 1 1 17 14 16 13  224145.89  1  .1
 1 2 17 13 16 14  224145.89 -2  .1
 1 2 17 14 16 13  224154.69  0  .0  blend
 0 0 18 13 17 14  232671.97  0  .1
 0 0 18 14 17 13  232673.27  0  .1
 0 1 18 13 17 14  233288.12  0  .1
 0 1 18 14 17 13  233289.72  0  .1
 1 1 18 13 17 14  233868.17  0  .1  weak
 1 1 18 14 17 13  233870.81  0  .1
 1 2 18 13 17 14  233880.17  0  .1
 1 2 18 14 17 13  233881.67  0  .1
 0 0 19 13 18 14  242464.26  5  .1
 0 0 19 14 18 13  242464.26 -3  .1
 0 1 19 13 18 14  243058.00  8  .1
 0 1 19 14 18 13  243058.00 -8  .1
 1 1 19 13 18 14  243618.95  3  .1
 1 1 19 14 18 13  243618.95 -1  .1
 1 2 19 13 18 14  243629.85  2  .1
 1 2 19 14 18 13  242629.85 -2  .1
 0 0 16 11 15 12       0.    0  .0
 0 0 16 12 15 11       0.    0  .0
 0 1 16 11 15 12  204925.05  0  .1
 0 1 16 12 15 11  204927.15  0  .1
 0 0 17 11 16 12  214150.39  5  .1
 0 0 17 12 16 11  214150.39 -3  .1
 0 1 17 11 16 12  214706.04  8  .1
 0 1 17 12 16 11  214706.04 -8  .1
 1 1 17 11 16 12  215224.68  3  .1
 1 1 17 12 16 11  215224.68 -1  .1
 1 2 17 11 16 12  215239.28  2  .1
 1 2 17 12 16 11  215239.28 -2  .1
 0 0 18 11 17 12  223955.58  3  .1
 0 0 18 12 17 11  223955.58 -5  .1
 0 1 18 11 17 12  224495.02  8  .1
 0 1 18 12 17 11  224495.02 -8  .1
 1 1 18 11 17 12  225000.06  1  .1
 1 1 18 12 17 11  225000.06 -3  .1
 1 2 18 11 17 12  225013.46  2  .1
 1 2 18 12 17 11  225013.46 -2  .1
 0 0 19 12 18 11  233764.96  0  .1
 0 1 19 12 18 11  234289.20  0  .1
 1 1 19 12 18 11  234781.74  0  .1
 1 2 19 12 18 11  234793.94  0  .1
 0 0 20 12 19 11  243577.05  0  .1
 0 1 20 12 19 11  244086.99  0  .1
 1 1 20 12 19 11  244567.63  0  .1
 1 2 20 12 19 11  244578.73  0  .1
 0 0  7 10  6  9       0.    0  .0
 0 1  7 10  6  9       0.    0  .0
 1 1  7 10  6  9       0.    0  .0
 1 2  7 10  6  9       0.    0  .0
 0 0  8 10  7  9       0.    0  .0
 0 1  8 10  7  9       0.    0  .0
 1 1  8 10  7  9       0.    0  .0
 1 2  8 10  7  9       0.    0  .0
 0 0 17 10 16  9  205488.60  0  .1
 0 1 17 10 16  9  205960.74  0  .1
 1 1 17 10 16  9  206398.57  0  .1
 1 2 17 10 16  9  206413.37  0  .1
 0 0 18 10 17  9  215303.28  0  .1
 0 1 18 10 17  9  215764.92  0  .1
 1 1 18 10 17  9  216194.36  0  .1
 1 2 18 10 17  9  216208.06  0  .1
 0 0 19 10 18  9  225118.97  0  .1
 0 1 19 10 18  9  225570.71  0  .1
 1 1 19 10 18  9  225992.04  0  .1
 1 2 19 10 18  9  226004.84  0  .1
 0 0 20 10 19  9  234935.15  0  .1
 0 1 20 10 19  9  235377.39  0  .1
 1 1 20 10 19  9  235791.02  0  .1
 1 2 20 10 19  9  235802.92  0  .1
 0 0 21 10 20  9  244751.54  0  .1
 0 1 21 10 20  9  245184.57  0  .1
 1 1 21 10 20  9  245590.81  0  .1
 1 2 21 10 20  9  245601.71  0  .1
 0 0  9  7  8  8  118258.18  0  .1  ?
 0 1  9  7  8  8  118707.57  0  .0  ?
 0 0  9  8  8  7  118650.87  0  .1  ?
 0 1  9  8  8  7  119148.03  0  .0  ?
 0 0 18  8 17  7  206692.10  0  .1
 0 1 18  8 17  7  207070.33  0  .1
 1 1 18  8 17  7  207419.05  0  .1 or 219419.75
 1 2 18  8 17  7  207432.05  0  .1
 0 0 19  8 18  7  216509.38  0  .1
 0 1 19  8 18  7  216881.41  0  .1
 1 1 19  8 18  7  217225.44  0  .1
 1 2 19  8 18  7  217237.74  0  .1
 0 0 20  8 19  7  226326.37  0  .1
 0 1 20  8 19  7  226692.50  0  .1
 1 1 20  8 19  7  227031.92  0  .1
 1 2 20  8 19  7  227043.72  0  .1
 0 0 21  8 20  7  236142.95  0  .1
 0 1 21  8 20  7  236503.38  0  .1
 1 1 21  8 20  7  236838.41  0  .1
 1 2 21  8 20  7  236849.51  0  .1
 0 0 22  8 21  7  245958.94  0  .1
 0 1 22  8 21  7  246314.06  0  .1
 1 1 22  8 21  7  246644.69  0  .1
 1 2 22  8 21  7  246655.19  0  .1
 0 0  7  5  6  6   89942.34  0  .1
 0 1  7  5  6  6   90277.46  0  .1
 1 1  7  5  6  6       0.    0  .0
 1 2  7  5  6  6   90716.87  0  .0  blend ?
 0 0  7  6  6  5   90434.78  0  .0  blend
 0 1  7  6  6  5   90807.52  0  .0  ?
 1 1  7  6  6  5       0.    0  .0
 1 2  7  6  6  5       0.    0  .0
 0 0  8  5  7  6   99916.76  0  .1
 0 1  8  5  7  6  100246.63  0  .1
 1 1  8  5  7  6  100517.00  0  .0 too weak
 1 2  8  5  7  6  100583.67  0  .0 too weak
 0 0  8  6  7  5  100009.51  0  .1
 0 1  8  6  7  5  100351.98  0  .1
 1 1  8  6  7  5  100687.62  0  .0 too weak
 1 2  8  6  7  5  100648.42  0  .0 too weak
 0 0  9  5  8  6  109755.30  0  .1
 0 1  9  5  8  6  110079.39  0  .1
 1 1  9  5  8  6  110366.03  0  .1
 1 2  9  5  8  6  110391.76  0  .0 1
 0 0  9  6  8  5  109770.70  0  .1   109772.27
 0 1  9  6  8  5  110097.76  0  .1
 1 1  9  6  8  5  110396.66  0  .1
 1 2  9  6  8  5  110404.01  0  .0 .1
 0 0 10  5  9  6  119571.52  0  .1
 0 1 10  5  9  6  119889.84  0  .1
 1 1 10  5  9  6       0.    0  .0
 1 2 10  5  9  6  120191.53  0  .0 .1
 0 0 10  6  9  5  119573.80  0  .1
 0 1 10  6  9  5  119892.64  0  .1
 1 1 10  6  9  5  120180.33  0  .1
 1 2 10  6  9  5  120193.81  0  .1
 0 0 19  6 18  5  207928.19  0  .1
 0 1 19  6 18  5  208209.72  0  .1
 1 1 19  6 18  5  208467.54  0  .1
 1 2 19  6 18  5  208478.34  0  .1
 0 0 20  6 19  5  217744.88  0  .1
 0 1 20  6 19  5  218023.30  0  .1
 1 1 20  6 19  5  218278.62  0  .1
 1 2 20  6 19  5  218289.02  0  .1
 0 0 21  6 20  5  227560.95  0  .1
 0 1 21  6 20  5  227836.29  0  .1
 1 1 21  6 20  5  228089.41  0  .1
 1 2 21  6 20  5  228099.51  0  .1
 0 0 22  6 21  5  237376.55  0  .1
 0 1 22  6 21  5  237648.97  0  .1
 1 1 22  6 21  5  237899.69  0  .1
 1 2 22  6 21  5  237909.49  0  .1
 0 0 23  6 22  5  247191.43  0  .1
 0 1 23  6 22  5  247460.96  0  .1
 1 1 23  6 22  5  247709.58  0  .1
 1 2 23  6 22  5  247719.08  0  .1
 0 0  7  3  6  4   81546.73  0  .1
 0 0  7  4  6  3   81562.31  0  .1
 0 1  7  3  6  4   81747.98  0  .1
 0 1  7  4  6  3   81765.83  0  .1
 1 1  7  3  6  4   81922.10  0  .1
 1 1  7  4  6  3       0.    0  .0
 1 2  7  3  6  4       0.    0  .0
 1 2  7  4  6  3       0.    0  .0
 0 0  8  3  7  4   91369.08  0  .1
 0 0  8  4  7  3   91371.18  0  .1
 0 1  8  3  7  4   91567.35  0  .1
 0 1  8  4  7  3   91569.80  0  .1
 1 1  8  3  7  4   91742.70  0  .1
 1 1  8  4  7  3   91747.42  0  .1
 1 2  8  3  7  4   91755.12  0  .1
 1 2  8  4  7  3   91756.87  0  .1
 0 0  9  3  8  4  101188.28  5  .1
 0 0  9  4  8  3  101188.28 -3  .1
 0 1  9  3  8  4  101383.40  8  .1
 0 1  9  4  8  3  101383.40 -8  .1
 1 1  9  3  8  4  101557.17  3  .1
 1 1  9  4  8  3  101557.17 -1  .1
 1 2  9  3  8  4  101568.02  2  .1 blend ?
 1 2  9  4  8  3  101568.02 -2  .1
 0 0 10  3  9  4  111007.39  3  .1
 0 0 10  4  9  3  111007.39 -5  .1
 0 1 10  3  9  4  111199.89  8  .1
 0 1 10  4  9  3  111199.89 -8  .1
 1 1 10  3  9  4  111372.09  1  .1
 1 1 10  4  9  3  111372.09 -3  .1
 1 2 10  3  9  4  111382.06  2  .1
 1 2 10  4  9  3  111382.06 -2  .1
 0 0 11  4 10  3  120826.42  0  .1
 0 1 11  4 10  3  121016.82  0  .1
 1 1 11  4 10  3  121187.09  0  .1
 1 2 11  4 10  3  121196.54  0  .1
 0 0 20  4 19  3  209189.20  0  .1
 0 1 20  4 19  3  209364.51  0  .1
 1 1 20  4 19  3  209523.42  0  .1
 1 2 20  4 19  3  209530.92  0  .1
 0 0 21  4 20  3  219005.08  0  .1
 0 1 21  4 20  3  219179.09  0  .1
 1 1 21  4 20  3  219337.11  0  .1
 1 2 21  4 20  3  219344.41  0  .1
 0 0 22  4 21  3  228820.57  0  .1
 0 1 22  4 21  3  228993.28  0  .1
 1 1 22  4 21  3  229150.19  0  .1
 1 2 22  4 21  3  229157.39  0  .1
 0 0 23  4 22  3  238635.45  0  .1
 0 1 23  4 22  3  238806.96  0  .1
 1 1 23  4 22  3  238962.88  0  .1
 1 2 23  4 22  3  238969.98  0  .1
 0 0 24  4 23  3  248449.74  0  .1
 0 1 24  4 23  3  248620.05  0  .1
 1 1 24  4 23  3  248775.06  0  .1
 1 2 24  4 23  3  248782.06  0  .1
 0 0  7  1  6  2   73011.48  5  .1
 0 0  7  2  6  1   73011.48 -3  .1
 0 1  7  1  6  2   73075.88  8  .1
 0 1  7  2  6  1   73075.88 -8  .1
 1 1  7  1  6  2   73132.57  3  .1
 1 1  7  2  6  1   73132.57 -1  .1
 1 2  7  1  6  2   73136.77  2  .1
 1 2  7  2  6  1   73136.77 -2  .1
 0 0  8  1  7  2   82832.08  3  .1
 0 0  8  2  7  1   82832.08 -5  .1
 0 1  8  1  7  2   82895.08  8  .1
 0 1  8  2  7  1   82895.08 -8  .1
 1 1  8  1  7  2   82951.07  1  .1
 1 1  8  2  7  1   82951.07 -3  .1
 1 2  8  1  7  2   82954.75  2  .1
 1 2  8  2  7  1   82954.75 -2  .1
 0 0  9  2  8  1   92652.50  0  .1
 0 1  9  2  8  1   92714.45  0  .1
 1 1  9  2  8  1   92769.40  0  .1
 1 2  9  2  8  1   92773.08  0  .1
 0 0 10  2  9  1  102472.49  0  .1
 0 1 10  2  9  1  102533.74  0  .1
 1 1 10  2  9  1  102588.16  0  .1
 1 2 10  2  9  1  102591.31  0  .1
 0 0 11  2 10  1  112292.74  0  .1
 0 1 11  2 10  1  112352.94  0  .1
 1 1 11  2 10  1  112406.49  0  .1
 1 2 11  2 10  1  112409.23  0  .0  blend
 0 0 21  2 20  1  210477.20  0  .1
 0 1 21  2 20  1  210529.60  0  .1
 1 1 21  2 20  1  210576.50  0  .1
 1 2 21  2 20  1  210578.81  0  .1
 0 0 22  2 21  1  220293.58  0  .1
 0 1 22  2 21  1  220345.29  0  .1
 1 1 22  2 21  1  220391.59  0  .1
 1 2 22  2 21  1  220393.79  0  .1
 0 0 23  2 22  1  230109.37  0  .1
 0 1 23  2 22  1  230160.47  0  .1
 1 1 23  2 22  1  230206.08  0  .1
 1 2 23  2 22  1  230208.38  0  .1
 0 0 24  2 23  1  239924.85  0  .1
 0 1 24  2 23  1  239975.26  0  .1
 1 1 24  2 23  1  240020.36  0  .1
 1 2 24  2 23  1  240022.46  0  .1
 0 0 25  2 24  1  249739.84  0  .0  blend with 249740.24
 0 1 25  2 24  1  249789.54  0  .1
 1 1 25  2 24  1  249834.05  0  .1
 1 2 25  2 24  1  249836.15  0  .1

 0 1  6 11  5  9  113565.31  0  .0  ?

 0 1 13  4 13  2  108049.61  0  .1
 0 1 14  6 14  4  107842.24  0  .1
 0 1 15  8 15  6  107581.85  0  .1
 0 1 16 10 16  8  107259.33  0  .1
 0 1 17 11 17  9  106864.54  8  .1
 0 1 17 12 17 10  106864.54 -8  .1
 0 1 18 13 18 11  106385.40  8  .1
 0 1 18 14 18 12  106385.40 -8  .1
 0 1 19 15 19 13  105808.09  0  .1
 0 1 19 16 19 14  105809.14  0  .1
 0 1 20 17 20 15  105115.45  0  .1
 0 1 20 18 20 16  105119.30  0  .1
 0 1 21 19 21 17  104285.97  0  .1
 0 1 21 20 21 18  104298.75  0  .1
 0 1 22 21 22 19  103288.50  0  .1
 0 1 22 22 22 20  103328.57  0  .1
 0 1 23 23 23 21  102077.17  0  .1
 0 1 23 24 23 22  102192.50  0  .1
 0 1 25 25 25 23  110143.96  0  .1
 0 1 25 26 25 24  110224.11  0  .1
 0 1 24 23 24 21  111370.69  0  .1  or 111372.09
 0 1 24 24 24 22  111398.86  0  .1
 0 1 23 21 23 19  112400.01  0  .1
 0 1 23 22 23 20  112409.23  0  .0  blend
 0 1 22 19 22 17  113269.57  0  .1
 0 1 22 20 22 18  113272.37  0  .1
 0 1 21 17 21 15  114006.48  8  .1
 0 1 21 18 21 16  114006.48 -8  .1
 0 0 20 15 20 13  113694.11  3  .0 .1  blend?
 0 0 20 16 20 14  113694.11 -5  .0 .1
 0 1 20 15 20 13  114629.46  8  .1
 0 1 20 16 20 14  114629.46 -8  .1
 0 0 19 13 19 11  114083.12  5  .0 1
 0 0 19 14 19 12  114083.12 -3  .0 1
 0 1 19 13 19 11  115154.27  8  .1
 0 1 19 14 19 12  115154.27 -8  .1
 0 0 18 12 18 10  114386.04  0  .0 1
 0 1 18 12 18 10  115594.65  0  .1
 0 1 17 10 17  8  115961.01  0  .1
 0 1 16  8 16  6  116263.22  0  .1
 0 1 15  6 15  4  116509.97  0  .1
 0 1 29 31 29 29  114925.90  0  .1
 0 1 29 32 29 30  115298.47  0  .1
 0 1 28 29 28 27  116719.44  0  .1
 0 1 28 30 28 28  116867.84  0  .1  ?
 0 1 27 27 27 25  118198.15  0  .1
 0 1 27 28 27 26  118253.80  0  .1
 0 1 26 25 26 23  119442.73  0  .1
 0 1 26 26 26 24  119462.33  0  .1
 0 1 25 23 25 21  120502.50  0  .1
 0 1 25 24 25 22  120508.80  0  .1
 0 1 24 21 24 19  121409.51  0  .1
 0 1 24 22 24 20  121411.43  0  .1
 0 0 17 10 17  8  114614.59  0  .0  ?
 0 1 38 30 38 28  207367.45  0  .1
 0 1 37 28 37 26  208000.20  0  .1
 0 1 36 26 36 24  208572.65  0  .1
 0 1 37 26 37 24  217339.55  0  .0 .1
 0 1 35 24 35 22  209088.49  0  .1
 0 1 36 24 36 22  217833.59  0  .0
 0 1 34 22 34 20  209551.62  0  .1
 0 1 35 22 35 20  218280.22  0  .0
 0 1 33 20 33 18  209965.26  0  .1 or  ?  209963.76
 0 1 34 20 34 18  218679.15  0  .1
 0 1 35 20 35 18  227387.65  0  .1  ? 227388.25
 0 1 32 18 32 16  210332.99  0  .1
 0 1 33 18 33 16  219033.68  0  .1
 0 1 34 18 34 16  227729.98  0  .1
 0 1 31 16 31 14  210657.61  0  .1
 0 1 32 16 32 14  219346.81  0  .1
 0 1 33 16 33 14  228032.20  0  .1
 0 1 30 14 30 12  210942.44  0  .1
 0 1 31 14 31 12  219621.33  0  .1
 0 1 32 14 32 12  228297.12  0  .1
 0 1 30 12 30 10  219859.95  0  .1
 0 1 31 12 31 10  228527.34  0  .1
 0 1 29 10 29  8  220065.47  0  .1
 0 1 30 10 30  8  228725.06  0  .1
 0 1 28  8 28  6  220240.38  0  .1
 0 1 27  6 27  4  220387.29  0  .1
 0 1 26  4 26  2  220507.40  0  .1

 0 0 11 22 10 21  218403.03  0  .1
 0 1 11 22 10 20  219953.06  0. .0 1
 1 1 11 22 10 21  222046.72  0. .0
 1 2 11 22 10 20  221353.67  0. .1
 0 0 11 23 10 20  218404.93  0. .1
 0 1 11 23 10 21  220600.71  0. .1
 1 1 11 23 10 20  222048.02  0. .1
 1 2 11 23 10 21  222874.77  0. .1
 0 0 12 24 11 23  238677.45  0. .1
 0 1 12 24 11 22  240400.19  0. .1
 1 1 12 24 11 23  242437.06  0. .0
 1 2 12 24 11 22  241977.82  0. .0
 0 0 12 25 11 22  238678.15  0. .1
 0 1 12 25 11 23  240779.22  0. .1
 1 1 12 25 11 22  242437.06  0. .0
 1 2 12 25 11 23  242997.30  0. .1
 0 0 18 15 17 16  241493.98  0. .1
 0 1 18 15 17 16  242190.53  0. .1
 1 1 18 15 17 16       0.    0. .0
 1 2 18 15 17 16  242861.69  0. .1
 0 0 18 16 17 15  241517.78  0. .1
 0 1 18 16 17 15  242221.74  0. .1
 1 1 18 16 17 15  242893.99  0. .1
 1 2 18 16 17 15  242890.09  0. .0 1
 0 0 18 17 17 18  250401.99  0. .1
 0 1 18 17 17 18  251167.95  0. .1
 1 1 18 17 17 18       0.    0. .0
 1 2 18 17 17 18       0.    0. .0
 0 0 18 18 17 17  250751.62  0. .1
 0 1 18 18 17 17  251606.39  0. .1
 1 1 18 18 17 17  252483.06  0. .1
 1 2 18 18 17 17       0.    0. .0
-1 0  0  0  0  0      0      0  0

  1  0  1  1  0  1    .0                   0
